    49      0 0.00000e+00 1.22215e+00 4.03940e+00 0.0000e+00 0.0000e+00 0.00000e+00 0.00000e+00
1.0000e+00 1.6758e+00 1.0000e+00 4.0394e+00 1.6783e-06 -1.4461e-09 0.0000e+00 0.0000e+00
9.6814e-01 1.7074e+00 1.0000e+00 3.9258e+00 6.6691e-06 -3.8304e-09 0.0000e+00 0.0000e+00
9.3718e-01 1.7522e+00 1.0000e+00 3.8156e+00 2.1300e-05 -6.0177e-09 0.0000e+00 0.0000e+00
9.0708e-01 1.8071e+00 1.0000e+00 3.7100e+00 4.5031e-05 -7.1172e-09 0.0000e+00 0.0000e+00
8.7782e-01 1.8694e+00 1.0000e+00 3.6087e+00 7.7232e-05 -9.1924e-09 0.0000e+00 0.0000e+00
8.4934e-01 1.9367e+00 1.0000e+00 3.5013e+00 1.2229e-04 -1.9704e-09 0.0000e+00 0.0000e+00
8.1571e-01 2.0223e+00 1.0000e+00 3.3986e+00 1.7586e-04 -1.5669e-10 0.0000e+00 0.0000e+00
7.8315e-01 2.1087e+00 1.0000e+00 3.2909e+00 2.4278e-04 -6.1173e-09 0.0000e+00 0.0000e+00
7.5162e-01 2.1936e+00 1.0000e+00 3.1883e+00 3.1708e-04 6.1743e-09 0.0000e+00 0.0000e+00
7.2106e-01 2.2747e+00 1.0000e+00 3.0905e+00 3.9714e-04 1.3344e-08 0.0000e+00 0.0000e+00
6.9143e-01 2.3505e+00 1.0000e+00 2.9970e+00 4.8127e-04 -8.6487e-09 0.0000e+00 0.0000e+00
6.6270e-01 2.4196e+00 1.0000e+00 2.9078e+00 5.6776e-04 -2.1113e-08 0.0000e+00 0.0000e+00
6.3481e-01 2.4811e+00 1.0000e+00 2.8225e+00 6.5492e-04 -4.3596e-09 0.0000e+00 0.0000e+00
6.0774e-01 2.5343e+00 1.0000e+00 2.7409e+00 7.4105e-04 1.5890e-08 0.0000e+00 0.0000e+00
5.8145e-01 2.5785e+00 1.0000e+00 2.6628e+00 8.2451e-04 2.8910e-08 0.0000e+00 0.0000e+00
5.5590e-01 2.6135e+00 1.0000e+00 2.5880e+00 9.0375e-04 2.7141e-08 0.0000e+00 0.0000e+00
5.3106e-01 2.6391e+00 1.0000e+00 2.5163e+00 9.7730e-04 1.1073e-08 0.0000e+00 0.0000e+00
5.0691e-01 2.6552e+00 1.0000e+00 2.4475e+00 1.0438e-03 -8.0499e-10 0.0000e+00 0.0000e+00
4.8341e-01 2.6619e+00 1.0000e+00 2.3816e+00 1.1021e-03 -1.2647e-08 0.0000e+00 0.0000e+00
4.6055e-01 2.6594e+00 1.0000e+00 2.3182e+00 1.1512e-03 -1.0954e-08 0.0000e+00 0.0000e+00
4.3829e-01 2.6481e+00 1.0000e+00 2.2573e+00 1.1901e-03 -2.7342e-09 0.0000e+00 0.0000e+00
4.1661e-01 2.6284e+00 1.0000e+00 2.1988e+00 1.2183e-03 -2.4107e-09 0.0000e+00 0.0000e+00
3.9549e-01 2.6009e+00 1.0000e+00 2.1426e+00 1.2354e-03 7.1094e-09 0.0000e+00 0.0000e+00
3.7490e-01 2.5662e+00 1.0000e+00 2.0884e+00 1.2410e-03 8.7666e-09 0.0000e+00 0.0000e+00
3.5484e-01 2.5251e+00 1.0000e+00 2.0363e+00 1.2352e-03 2.1518e-09 0.0000e+00 0.0000e+00
3.3527e-01 2.4783e+00 1.0000e+00 1.9861e+00 1.2181e-03 1.6813e-09 0.0000e+00 0.0000e+00
3.1618e-01 2.4269e+00 1.0000e+00 1.9377e+00 1.1902e-03 4.3694e-09 0.0000e+00 0.0000e+00
2.9756e-01 2.3718e+00 1.0000e+00 1.8911e+00 1.1520e-03 1.0287e-08 0.0000e+00 0.0000e+00
2.7938e-01 2.3140e+00 1.0000e+00 1.8461e+00 1.1043e-03 4.9391e-09 0.0000e+00 0.0000e+00
2.6163e-01 2.2547e+00 1.0000e+00 1.8027e+00 1.0481e-03 -6.2238e-09 0.0000e+00 0.0000e+00
2.4429e-01 2.1950e+00 1.0000e+00 1.7607e+00 9.8447e-04 -1.2069e-09 0.0000e+00 0.0000e+00
2.2735e-01 2.1361e+00 1.0000e+00 1.7203e+00 9.1456e-04 7.4582e-09 0.0000e+00 0.0000e+00
2.1081e-01 2.0791e+00 1.0000e+00 1.6811e+00 8.3970e-04 4.0729e-09 0.0000e+00 0.0000e+00
1.9463e-01 2.0251e+00 1.0000e+00 1.6434e+00 7.6127e-04 4.6504e-10 0.0000e+00 0.0000e+00
1.7882e-01 1.9751e+00 1.0000e+00 1.6068e+00 6.8069e-04 1.8642e-09 0.0000e+00 0.0000e+00
1.6335e-01 1.9301e+00 1.0000e+00 1.5715e+00 5.9939e-04 -3.6276e-10 0.0000e+00 0.0000e+00
1.4822e-01 1.8909e+00 1.0000e+00 1.5373e+00 5.1880e-04 -2.5222e-09 0.0000e+00 0.0000e+00
1.3342e-01 1.8580e+00 1.0000e+00 1.5042e+00 4.4030e-04 -9.3358e-10 0.0000e+00 0.0000e+00
1.1894e-01 1.8317e+00 1.0000e+00 1.4721e+00 3.6521e-04 -4.0717e-10 0.0000e+00 0.0000e+00
1.0476e-01 1.8121e+00 1.0000e+00 1.4411e+00 2.9475e-04 -8.4555e-10 0.0000e+00 0.0000e+00
9.0881e-02 1.7992e+00 1.0000e+00 1.4111e+00 2.3005e-04 2.7713e-10 0.0000e+00 0.0000e+00
7.7287e-02 1.7925e+00 1.0000e+00 1.3819e+00 1.7209e-04 1.6849e-09 0.0000e+00 0.0000e+00
6.3971e-02 1.7915e+00 1.0000e+00 1.3537e+00 1.2172e-04 1.6193e-09 0.0000e+00 0.0000e+00
5.0926e-02 1.7956e+00 1.0000e+00 1.3288e+00 8.2803e-05 8.4782e-10 0.0000e+00 0.0000e+00
4.0404e-02 1.8021e+00 1.0000e+00 1.3045e+00 5.1126e-05 2.8946e-11 0.0000e+00 0.0000e+00
3.0055e-02 1.8112e+00 1.0000e+00 1.2832e+00 2.9186e-05 -1.8971e-10 0.0000e+00 0.0000e+00
1.9874e-02 1.8223e+00 1.0000e+00 1.2624e+00 1.3509e-05 -9.5578e-11 0.0000e+00 0.0000e+00
9.8567e-03 1.8351e+00 1.0000e+00 1.2421e+00 4.1358e-06 -3.9045e-11 0.0000e+00 0.0000e+00
0.0000e+00 1.8492e+00 1.0000e+00 1.2221e+00 1.0331e-06 -1.0161e-11 0.0000e+00 0.0000e+00
